comp1=...
   [2,6,1,7,3,9,8,5,4;...
    3,5,9,1,4,8,7,2,6;...
    7,4,8,5,6,2,3,1,9;...
    9,8,3,6,5,7,2,4,1;...
    1,7,6,3,2,4,9,8,5;...
    4,2,5,8,9,1,6,7,3;...
    8,1,4,9,7,6,5,3,2;...
    6,3,2,4,8,5,1,9,7;...
    5,9,7,2,1,3,4,6,8];
comp2=...
   [9,3,8,2,6,7,1,5,4;...
    1,7,6,4,3,5,9,8,2;...
    2,4,5,8,9,1,3,6,7;...
    5,1,4,7,8,6,2,3,9;...
    6,8,7,3,2,9,5,4,1;...
    3,2,9,5,1,4,8,7,6;...
    8,6,3,9,4,2,7,1,5;...
    7,9,1,6,5,8,4,2,3;...
    4,5,2,1,7,3,6,9,8;];
tbc1=...    %号称史上最难数独，我不信
   [8,0,0,0,0,0,0,0,0;...
    0,0,3,6,0,0,0,0,0;...
    0,7,0,0,9,0,2,0,0;...
    0,5,0,0,0,7,0,0,0;...
    0,0,0,0,4,5,7,0,0;...
    0,0,0,1,0,0,0,3,0;...
    0,0,1,0,0,0,0,6,8;...
    0,0,8,5,0,0,0,1,0;...
    0,9,0,0,0,0,4,0,0];
tbc2=...    %%medium
   [6,8,0,0,0,7,0,4,0;...
    7,0,3,8,6,0,2,0,1;...
    9,0,4,5,0,0,0,0,0;...
    0,0,7,0,0,6,8,5,2;...
    0,0,5,0,8,0,0,7,4;...
    0,4,0,0,2,0,6,0,9;...
    0,0,9,0,5,0,1,2,0;...
    0,3,0,0,0,0,4,6,7;...
    8,0,0,0,7,2,0,0,0;];
tbc3=...    %%hard
   [9,3,0,2,0,0,0,0,0;...
    0,7,0,0,3,5,9,0,0;...
    0,0,0,8,9,0,0,6,0;...
    5,1,4,7,8,6,2,3,9;...
    0,0,7,3,0,0,0,4,1;...
    0,0,0,0,1,4,0,7,0;...
    0,6,3,0,0,2,0,0,5;...
    0,9,0,0,5,0,4,0,0;...
    0,5,0,1,7,3,6,0,0];
tbc4=...    %expert
   [9,0,2,5,0,0,0,0,3;...
    8,0,3,0,0,0,0,4,0;...
    0,0,0,0,0,2,0,0,0;...
    0,9,0,2,1,7,6,0,0;...
    0,0,1,8,9,0,0,5,4;...
    0,8,7,4,0,0,2,0,0;...
    5,0,0,3,0,0,0,6,0;...
    0,4,0,0,7,0,9,0,0;...
    0,0,0,6,0,0,0,0,1];
tbc5=...    %expert
   [7,0,0,0,9,6,0,0,0;...
    0,0,0,0,0,7,0,5,0;...
    0,8,0,4,3,0,0,6,0;...
    5,0,3,0,0,8,0,0,0;...
    0,0,7,6,0,3,0,0,0;...
    0,0,2,0,7,0,5,4,0;...
    0,5,0,0,0,0,0,7,4;...
    4,7,1,9,2,0,3,0,6;...
    0,2,8,0,6,0,0,0,5];
tbc6=...
   [0,3,7,0,0,0,6,0,0;...
    0,2,6,1,3,0,7,9,5;...
    9,0,0,5,7,0,8,3,2;...
    0,0,0,7,0,0,0,8,6;...
    3,0,0,6,5,8,0,0,9;...
    0,6,0,0,0,3,5,7,4;...
    0,8,3,4,0,2,9,5,0;...
    7,1,0,3,6,0,4,2,0;...
    0,5,0,8,9,0,0,6,3];
tbc7=...    %expert
   [8,3,9,0,0,6,4,0,0;...
    0,0,0,0,5,0,0,0,0;...
    6,5,0,0,0,0,9,8,0;...
    0,0,1,0,6,9,2,5,0;...
    9,6,2,0,0,1,0,0,0;...
    4,0,0,0,2,0,0,9,0;...
    0,9,3,0,0,2,8,0,0;...
    0,0,0,0,0,0,0,0,0;...
    1,2,8,0,0,5,3,0,7];
tbc8=...    %easy
   [0,0,0,7,1,6,8,4,3;...
    0,0,0,2,0,0,0,6,1;...
    0,6,0,4,0,0,0,2,0;...
    6,0,0,3,0,2,1,5,7;...
    0,7,8,0,4,5,0,0,9;...
    5,1,0,9,6,0,0,0,0;...
    7,5,4,0,0,0,0,0,0;...
    8,9,6,5,2,1,3,7,4;...
    1,3,0,8,0,4,0,9,6];
tbc9=...    %expert
   [0,9,0,0,0,0,0,1,4;...
    5,0,8,0,0,2,0,9,0;...
    3,0,0,0,7,0,2,8,0;...
    4,0,7,1,0,8,0,0,0;...
    0,5,6,7,2,0,0,3,0;...
    0,0,9,0,0,3,1,5,0;...
    0,0,0,0,0,0,0,2,0;...
    8,0,0,0,0,0,5,0,0;...
    7,0,3,0,9,0,8,4,0];
tbc10=...   %17个提示数等级16的数独
   [0,0,0,0,0,5,0,2,0;...
    1,0,0,9,0,0,0,0,0;...
    4,0,0,0,0,0,0,0,0;...
    0,0,8,0,0,2,0,0,0;...
    0,0,0,0,0,0,0,0,1;...
    0,0,0,0,0,0,9,0,4;...
    0,0,5,0,0,0,3,0,0;...
    0,0,0,1,0,0,0,0,7;...
    0,0,2,4,0,8,0,0,0];
tbc11=...   %难度困难，来自新湖h数独
   [0,4,0,2,1,0,0,0,0;...
    8,0,7,0,0,0,0,9,0;...
    2,0,0,8,0,0,4,0,1;...
    3,0,0,0,0,2,9,0,5;...
    0,0,5,7,0,8,6,0,0;...
    7,0,6,5,0,0,0,0,4;...
    5,0,1,0,0,4,0,0,9;...
    0,6,0,0,0,0,7,0,8;...
    0,0,0,0,2,7,0,5,0];
tbc12=...   %来自台湾数独发展协会，80分的题目，应该是最难的
   [0,0,0,0,0,0,0,6,0;...
    0,8,0,9,1,0,3,0,0;...
    0,0,6,3,0,0,0,0,1;...
    0,0,5,4,0,0,9,0,3;...
    0,0,0,0,0,0,0,0,0;...
    9,0,2,0,0,1,8,0,0;...
    1,0,0,0,0,3,4,0,0;...
    0,0,4,0,5,8,0,7,0;...
    0,6,0,0,0,0,0,0,0];
tbc13=...   %台湾数独王公开组标准题，50分题
   [1,0,0,0,0,0,0,0,0;...
    5,7,0,0,0,0,0,0,3;...
    0,0,0,3,8,4,0,0,0;...
    0,4,0,0,9,0,1,0,0;...
    0,5,0,2,0,3,0,6,0;...
    0,0,6,0,1,0,0,2,0;...
    0,0,0,9,6,5,0,0,0;...
    7,0,0,0,0,0,0,4,1;...
    0,0,0,0,0,0,0,0,2];
tbc14=...   %台湾数独王公开组标准提，60分题
   [0,5,0,0,0,0,0,0,2;...
    4,3,0,1,0,0,0,0,0;...
    0,0,1,0,5,9,4,0,0;...
    0,0,0,0,0,6,7,3,0;...
    0,0,0,0,0,0,0,0,0;...
    0,9,6,2,0,0,0,0,0;...
    0,0,2,9,6,0,5,0,0;...
    0,0,0,0,0,2,0,8,4;...
    8,0,0,0,0,0,0,2,0];
tbc15=...   %一道超难的数独（只有18个数）,用时 2.659962 秒,不得不说有点难,改进sudoku_comp的算法后只需要0.212423秒，超快的。
   [0,0,0,7,0,0,0,0,0;...
    0,6,1,0,0,0,0,0,0;...
    0,0,0,3,2,0,0,5,0;...
    0,0,0,0,0,0,0,0,8;...
    2,0,0,0,5,0,0,0,0;...
    0,0,0,0,0,1,9,0,6;...
    0,0,0,0,0,0,0,0,0;...
    3,0,0,0,0,2,0,7,0;...
    0,9,0,0,6,8,0,0,0];
tbc16=...    %困难++
  [0,1,0,6,0,0,7,0,0;...
   0,0,3,0,0,5,0,0,9;...
   8,0,4,0,3,0,0,0,0;...
   0,2,0,0,0,8,0,0,0;...
   6,0,0,0,9,0,0,0,7;...
   0,0,0,1,0,0,0,2,0;...
   0,0,0,0,7,0,6,0,4;...
   4,0,0,9,0,0,1,0,0;...
   0,0,8,0,0,4,0,3,0];
tbc17=...   %难
   [9,8,0,7,0,0,6,0,0;...
    5,0,0,0,9,0,0,7,0;...
    0,0,7,0,0,4,0,0,0;...
    3,0,0,0,0,6,0,0,0;...
    0,0,8,5,0,0,0,6,0;...
    0,0,0,0,0,0,3,0,2;...
    0,1,0,0,0,0,0,0,0;...
    0,0,5,4,0,0,0,8,0;...
    0,0,0,0,2,1,9,0,0];
tbc18=...   %17个提示数 好容易啊
   [0,0,0,0,0,6,0,0,0;...
    4,5,0,0,0,0,1,0,0;...
    0,0,0,0,0,2,5,0,0;...
    0,7,0,0,1,0,0,0,0;...
    0,0,0,0,0,0,0,0,6;...
    8,0,0,0,0,0,0,7,2;...
    0,0,0,0,0,0,0,0,0;...
    0,0,0,0,4,8,9,0,0;...
    0,1,2,0,0,0,0,0,0];
tbc19=...   %
   [0,0,1,2,0,0,3,0,0;...
    2,0,0,4,0,0,0,0,0;...
    0,0,5,6,1,0,0,7,0;...
    6,8,0,0,0,0,0,0,0;...
    0,0,2,0,4,0,9,0,0;...
    0,0,0,0,0,0,0,5,3;...
    0,3,0,0,5,2,1,0,0;...
    0,0,0,0,0,4,0,0,8;...
    0,0,9,0,0,1,5,0,0];
tbc20=...   %
   [7,0,0,6,0,0,3,0,0;...
    0,0,0,0,7,2,0,6,0;...
    1,0,4,0,0,0,0,0,0;...
    0,0,0,5,0,0,0,8,1;...
    0,0,0,8,0,6,0,0,0;...
    6,4,0,0,0,7,0,0,0;...
    0,0,0,0,0,0,7,0,9;...
    0,3,0,7,9,0,0,0,0;...
    0,0,6,0,0,4,0,0,5];
    

    
    
    
    
    
    
    

